0	0.211111	0.3	0.433333	0.422222	0.35	0.251282	0.132258	0.388235	1.#INF	1.#INF	1.#INF	0.889189	0.166667	0.225	0.211111	0.266667	1.#INF	1.#INF	1.#INF	1.#INF	1.#INF	0.274074	0.514286	0.466667	1.#INF	0.422222	1.#INF	1.#INF	0.130303	0.126316	1.#INF	1.#INF	0.225	1.#INF	0.266667	1.#INF	1.#INF	1.#INF	1.#INF	0.3	0.166667	1.#INF	1.#INF	1.#INF	1.#INF	0.138462	1.#INF	0.1625	0.35	0.155556	0.171429	0.127778	1.#INF	1.#INF	1.#INF	1.#INF	0.242857	1.#INF	1.#INF	1.#INF	1.#INF	1.#INF	1.#INF	1.#INF	0.211111	1.#INF	1.#INF	1.#INF	1.#INF	1.#INF	1.#INF	1.#INF	1.#INF	1.#INF	0.242857	0.266667	1.#INF	1.#INF	1.#INF	1.#INF	1.#INF	1.#INF	0.158824	1.#INF	1.#INF	1.#INF	1.#INF	1.#INF	0.266667	1.#INF	1.#INF	1.#INF	1.#INF	1.#INF	1.#INF	1.#INF	1.#INF	1.#INF	0.35	1.#INF	1.#INF	0.266667	1.#INF	1.#INF	1.#INF	1.#INF	1.#INF	1.#INF	1.#INF	1.#INF	1.#INF	1.#INF	1.#INF	1.#INF	1.#INF	1.#INF	
0.211111	0	0.311111	0.444444	0.222222	0.361111	0.136752	0.143369	1.#INF	1.#INF	1.#INF	1.#INF	0.276276	0.355556	1.#INF	1.#INF	1.#INF	1.#INF	1.#INF	0.273504	1.#INF	1.#INF	1.#INF	0.18254	0.333333	1.#INF	1.#INF	1.#INF	0.20202	0.424242	0.274854	0.253968	0.311111	1.#INF	1.#INF	1.#INF	1.#INF	1.#INF	1.#INF	1.#INF	1.#INF	1.#INF	1.#INF	1.#INF	1.#INF	0.188034	0.299145	0.211111	1.#INF	1.#INF	0.166667	1.#INF	0.416667	1.#INF	1.#INF	1.#INF	1.#INF	1.#INF	1.#INF	1.#INF	1.#INF	1.#INF	1.#INF	0.222222	1.#INF	1.#INF	0.355556	0.622222	1.#INF	0.161111	1.#INF	0.20202	1.#INF	1.#INF	1.#INF	1.#INF	1.#INF	1.#INF	0.194444	1.#INF	1.#INF	1.#INF	1.#INF	1.#INF	1.#INF	1.#INF	1.#INF	1.#INF	1.#INF	0.277778	0.277778	1.#INF	1.#INF	1.#INF	1.#INF	1.#INF	1.#INF	1.#INF	1.#INF	1.#INF	1.#INF	1.#INF	1.#INF	1.#INF	1.#INF	1.#INF	1.#INF	1.#INF	0.361111	1.#INF	1.#INF	1.#INF	0.611111	0.444444	1.#INF	1.#INF	1.#INF	
0.3	0.311111	0	0.533333	0.311111	0.45	0.225641	0.232258	0.229412	1.#INF	1.#INF	1.#INF	1.#INF	0.266667	0.325	1.#INF	1.#INF	1.#INF	1.#INF	1.#INF	1.#INF	1.#INF	0.237037	1.#INF	1.#INF	0.290909	0.311111	0.4	0.290909	1.#INF	1.#INF	1.#INF	1.#INF	1.#INF	1.#INF	1.#INF	1.#INF	1.#INF	1.#INF	1.#INF	1.#INF	1.#INF	1.#INF	1.#INF	1.#INF	1.#INF	1.#INF	1.#INF	0.2625	1.#INF	1.#INF	1.#INF	1.#INF	1.#INF	1.#INF	1.#INF	1.#INF	1.#INF	1.06667	0.325	1.#INF	1.#INF	1.#INF	0.311111	1.#INF	1.#INF	1.#INF	1.#INF	1.#INF	1.#INF	1.#INF	1.#INF	1.#INF	1.#INF	1.#INF	1.#INF	1.#INF	1.#INF	1.#INF	1.#INF	1.#INF	1.#INF	1.#INF	1.#INF	1.#INF	0.252632	1.#INF	1.#INF	1.#INF	1.#INF	0.366667	0.533333	1.#INF	1.#INF	1.#INF	0.325	1.#INF	1.#INF	1.#INF	1.#INF	1.#INF	1.#INF	1.#INF	1.#INF	1.#INF	1.#INF	1.#INF	1.#INF	1.#INF	1.#INF	1.#INF	1.#INF	1.#INF	1.#INF	1.#INF	1.#INF	1.#INF	
0.433333	0.444444	0.533333	0	0.444444	0.583333	0.717949	1.#INF	1.#INF	1.#INF	1.#INF	1.#INF	1.#INF	1.#INF	1.#INF	1.#INF	1.#INF	1.#INF	1.#INF	1.#INF	1.#INF	1.#INF	1.#INF	1.#INF	0.388889	1.#INF	1.#INF	1.#INF	1.#INF	1.#INF	1.#INF	1.#INF	1.#INF	1.#INF	1.#INF	1.#INF	1.#INF	1.#INF	0.4	0.476191	1.#INF	1.#INF	1.#INF	1.#INF	1.#INF	1.#INF	1.#INF	1.#INF	1.#INF	1.#INF	1.#INF	1.#INF	0.361111	1.#INF	1.#INF	1.#INF	1.#INF	1.#INF	1.#INF	1.#INF	1.#INF	1.#INF	1.#INF	1.#INF	1.#INF	1.#INF	1.#INF	1.#INF	1.#INF	1.#INF	1.#INF	1.#INF	1.#INF	0.533333	1.#INF	1.#INF	1.#INF	1.#INF	1.#INF	0.666667	1.#INF	1.#INF	1.#INF	1.#INF	1.#INF	1.#INF	1.#INF	1.#INF	1.#INF	1.#INF	1.#INF	1.#INF	1.#INF	1.#INF	1.#INF	1.#INF	1.#INF	1.#INF	1.#INF	1.#INF	1.#INF	1.#INF	1.#INF	1.#INF	1.#INF	1.#INF	1.#INF	1.#INF	1.#INF	1.#INF	1.#INF	1.#INF	1.#INF	1.#INF	1.#INF	1.#INF	1.#INF	
0.422222	0.222222	0.311111	0.444444	0	1.08333	0.273504	0.143369	0.281046	1.#INF	1.#INF	1.#INF	0.414414	1.#INF	1.#INF	1.#INF	1.#INF	1.#INF	1.#INF	1.#INF	1.#INF	1.#INF	0.444444	1.#INF	1.#INF	0.606061	1.#INF	0.622222	1.#INF	1.#INF	1.#INF	1.#INF	1.#INF	0.236111	1.#INF	0.277778	1.#INF	1.#INF	1.#INF	1.#INF	1.#INF	1.#INF	1.#INF	1.#INF	1.#INF	1.#INF	0.149573	1.#INF	1.#INF	0.361111	1.#INF	0.18254	1.#INF	1.#INF	0.507937	1.#INF	1.#INF	0.761905	1.#INF	1.#INF	1.#INF	1.#INF	1.#INF	1.#INF	1.#INF	1.#INF	1.#INF	1.#INF	1.#INF	1.#INF	1.#INF	1.#INF	1.#INF	1.#INF	0.311111	1.52381	0.833333	1.#INF	0.388889	1.#INF	1.#INF	1.#INF	1.#INF	1.#INF	1.#INF	1.#INF	1.#INF	1.#INF	1.#INF	0.277778	1.#INF	1.#INF	1.#INF	1.#INF	0.194444	1.#INF	1.#INF	1.#INF	0.444444	1.#INF	1.#INF	1.#INF	1.#INF	1.#INF	1.#INF	1.#INF	1.#INF	1.#INF	1.#INF	1.#INF	1.#INF	1.#INF	1.#INF	1.#INF	1.#INF	1.#INF	1.#INF	
0.35	0.361111	0.45	0.583333	1.08333	0	1.#INF	1.#INF	0.279412	1.#INF	1.#INF	1.#INF	0.277027	1.#INF	1.#INF	1.#INF	1.#INF	1.#INF	1.#INF	1.#INF	1.#INF	1.#INF	0.287037	1.#INF	1.#INF	0.340909	1.#INF	1.#INF	1.#INF	1.#INF	1.#INF	1.#INF	1.#INF	0.375	1.#INF	0.416667	1.#INF	1.#INF	1.#INF	1.#INF	1.#INF	1.#INF	1.#INF	1.#INF	1.#INF	1.#INF	0.576923	1.#INF	1.#INF	0.5	1.#INF	0.321429	1.#INF	1.#INF	1.#INF	1.#INF	1.#INF	1.#INF	1.#INF	1.#INF	1.#INF	1.#INF	1.#INF	1.#INF	1.#INF	1.#INF	1.#INF	1.#INF	1.#INF	1.#INF	0.392857	1.#INF	1.#INF	1.#INF	1.#INF	0.785714	1.#INF	1.#INF	0.333333	1.#INF	1.#INF	1.#INF	1.#INF	1.#INF	1.#INF	1.#INF	1.#INF	1.#INF	1.#INF	0.416667	1.#INF	1.#INF	1.#INF	1.#INF	1.#INF	1.#INF	1.#INF	1.#INF	1.#INF	1.#INF	1.#INF	0.583333	1.#INF	1.#INF	1.#INF	1.#INF	1.#INF	1.#INF	1.#INF	1.#INF	1.#INF	1.#INF	1.#INF	1.#INF	1.#INF	1.#INF	1.#INF	
0.251282	0.136752	0.225641	0.717949	0.273504	1.#INF	0	0.231596	0.165158	0.225641	0.192308	0.275641	0.105336	0.461538	0.150641	0.136752	0.192308	0.451282	0.451282	0.153846	0.227564	0.150641	0.564103	0.679487	0.568376	0.2331	0.410256	0.676923	0.2331	0.167832	0.207827	1.#INF	1.#INF	1.#INF	0.358974	1.#INF	1.#INF	0.358974	0.184615	0.505495	0.225641	0.184615	1.#INF	1.#INF	1.#INF	0.102564	0.25641	0.251282	1.#INF	1.#INF	0.48718	0.679487	0.694444	1.#INF	0.505495	1.#INF	1.#INF	0.505495	1.#INF	1.#INF	0.184615	1.#INF	1.#INF	0.136752	0.275641	0.547009	0.369231	0.451282	1.10256	0.151282	0.168498	0.4662	0.225641	0.451282	0.225641	0.336996	1.#INF	0.225641	0.435897	1.07692	0.358974	0.225641	1.#INF	0.506787	1.#INF	0.391363	1.#INF	1.#INF	1.#INF	0.576923	1.#INF	0.358974	0.301282	0.525641	0.217949	0.150641	1.#INF	0.525641	1.#INF	1.#INF	1.#INF	1.#INF	0.192308	0.525641	1.02564	0.358974	1.#INF	1.#INF	0.275641	1.#INF	1.#INF	1.#INF	0.525641	0.358974	1.#INF	1.#INF	1.#INF	
0.132258	0.143369	0.232258	1.#INF	0.143369	1.#INF	0.231596	0	0.308349	0.232258	0.198925	0.282258	0.592851	0.296774	0.314516	1.#INF	0.397849	0.232258	0.232258	0.405294	0.635081	0.471774	0.485066	0.207373	1.#INF	0.246334	0.143369	1.#INF	0.246334	0.437928	0.292869	0.175115	0.232258	1.#INF	1.#INF	1.#INF	1.#INF	0.365591	0.197849	0.175115	0.232258	0.395699	1.#INF	1.#INF	1.#INF	0.218362	0.141439	0.132258	0.189516	1.#INF	0.439068	0.207373	0.480287	1.#INF	0.175115	1.#INF	0.132258	0.175115	0.731183	0.314516	0.296774	1.#INF	1.#INF	0.143369	1.#INF	1.#INF	0.395699	1.#INF	1.#INF	0.329032	1.#INF	0.123167	0.232258	0.232258	0.464516	1.#INF	1.#INF	1.#INF	0.115591	1.#INF	1.#INF	1.#INF	0.143369	0.273245	0.314516	0.509338	1.#INF	1.#INF	0.365591	1.#INF	0.198925	1.#INF	0.157258	1.#INF	0.231183	1.#INF	1.#INF	1.#INF	1.#INF	1.#INF	1.#INF	1.#INF	1.#INF	0.532258	1.#INF	0.365591	1.#INF	1.#INF	1.#INF	1.#INF	1.#INF	1.#INF	1.#INF	1.#INF	1.03226	1.03226	1.#INF	
0.388235	1.#INF	0.229412	1.#INF	0.281046	0.279412	0.165158	0.308349	0	0.688235	0.784314	0.838235	0.282194	0.288235	0.772059	0.562092	0.588235	1.#INF	0.229412	0.275264	0.242647	0.617647	0.265795	0.10084	0.169935	0.240642	0.140523	1.#INF	0.120321	0.11943	0.278638	0.344538	0.229412	1.08088	0.72549	0.980392	0.588235	1.#INF	0.192157	1.#INF	1.#INF	0.192157	0.362745	1.#INF	0.279412	0.319005	0.271493	0.388235	1.01103	0.558824	1.#INF	1.#INF	0.114379	1.#INF	1.#INF	0.362745	0.258824	0.172269	0.362745	0.772059	0.0960784	1.#INF	1.#INF	0.281046	0.558824	1.#INF	1.#INF	1.#INF	1.#INF	0.158824	0.172269	0.120321	1.#INF	1.#INF	1.#INF	0.344538	0.196078	1.#INF	0.112745	0.362745	0.72549	1.#INF	0.140523	0.176471	0.154412	0.328173	1.#INF	0.172269	1.#INF	0.392157	0.196078	1.#INF	0.463235	0.529412	0.22549	0.154412	0.72549	1.#INF	0.72549	1.#INF	0.558824	0.362745	0.588235	0.529412	1.#INF	0.72549	1.02941	0.72549	0.838235	1.#INF	0.72549	1.#INF	0.529412	0.72549	1.02941	1.02941	1.02941	
1.#INF	1.#INF	1.#INF	1.#INF	1.#INF	1.#INF	0.225641	0.232258	0.688235	0	0.733333	1.8	1.#INF	1.#INF	1.#INF	1.#INF	1.#INF	1.#INF	1.#INF	0.676923	1.#INF	1.#INF	1.#INF	1.#INF	1.#INF	1.#INF	1.#INF	1.#INF	0.290909	0.230303	1.#INF	1.#INF	1.#INF	1.#INF	1.#INF	1.#INF	1.#INF	1.#INF	1.#INF	1.#INF	1.#INF	0.266667	1.6	1.2	1.#INF	1.#INF	1.#INF	1.#INF	1.#INF	1.#INF	1.#INF	1.#INF	1.#INF	1.#INF	1.#INF	1.#INF	1.#INF	1.#INF	1.#INF	1.#INF	1.#INF	1.#INF	1.#INF	1.#INF	1.#INF	1.#INF	1.#INF	1.#INF	1.#INF	1.#INF	1.#INF	1.#INF	1.#INF	1.#INF	1.#INF	1.#INF	1.#INF	1.#INF	1.#INF	1.#INF	1.#INF	1.#INF	1.#INF	1.#INF	1.#INF	0.252632	1.#INF	1.#INF	1.#INF	1.#INF	1.#INF	1.#INF	1.#INF	1.#INF	1.#INF	1.#INF	1.6	1.#INF	1.#INF	1.#INF	1.#INF	1.#INF	1.#INF	1.#INF	1.#INF	1.#INF	1.#INF	1.#INF	1.#INF	1.2	1.#INF	1.#INF	1.#INF	1.#INF	1.#INF	1.#INF	1.2	
1.#INF	1.#INF	1.#INF	1.#INF	1.#INF	1.#INF	0.192308	0.198925	0.784314	0.733333	0	0.833333	0.193694	0.466667	1.#INF	1.#INF	1.#INF	1.#INF	1.#INF	1.#INF	1.#INF	1.#INF	1.#INF	1.#INF	1.#INF	1.#INF	1.#INF	1.#INF	0.257576	1.#INF	1.#INF	1.#INF	1.#INF	0.583333	1.#INF	0.666667	1.#INF	1.#INF	0.233333	1.#INF	0.366667	1.#INF	1.#INF	1.#INF	1.#INF	1.#INF	1.#INF	1.#INF	0.6875	1.#INF	0.222222	1.#INF	0.194444	1.#INF	1.#INF	1.#INF	1.#INF	1.#INF	1.#INF	1.#INF	1.#INF	1.#INF	1.#INF	1.#INF	1.#INF	1.#INF	1.#INF	1.#INF	1.#INF	1.#INF	1.#INF	1.#INF	1.#INF	1.#INF	1.#INF	1.#INF	1.#INF	1.#INF	1.#INF	1.#INF	1	1.#INF	1.#INF	1.#INF	1.#INF	0.657895	1.#INF	0.309524	1.#INF	1.#INF	1.#INF	1.#INF	1.#INF	1.#INF	0.25	1.#INF	0.5	1.#INF	1.#INF	1.#INF	1.#INF	1.#INF	1.#INF	1.#INF	1.#INF	1.#INF	1.#INF	1.#INF	1.#INF	1.#INF	1.#INF	1.#INF	1.#INF	1.#INF	1.#INF	1.#INF	1.#INF	
1.#INF	1.#INF	1.#INF	1.#INF	1.#INF	1.#INF	0.275641	0.282258	0.838235	1.8	0.833333	0	1.#INF	1.#INF	1.#INF	1.#INF	1.#INF	1.#INF	1.#INF	0.551282	1.#INF	1.#INF	1.#INF	1.#INF	1.#INF	1.#INF	1.#INF	1.#INF	0.340909	0.280303	1.#INF	1.#INF	1.#INF	1.#INF	1.#INF	1.#INF	1.#INF	1.#INF	1.#INF	1.#INF	1.#INF	1.#INF	1.16667	1.#INF	1.#INF	1.#INF	1.#INF	1.#INF	1.#INF	1.#INF	1.#INF	1.#INF	1.#INF	1.#INF	1.#INF	1.#INF	1.#INF	1.#INF	1.#INF	1.#INF	1.#INF	1.#INF	1.#INF	1.#INF	1.#INF	1.#INF	1.#INF	1.#INF	1.#INF	1.#INF	1.#INF	1.#INF	1.#INF	1.#INF	1.#INF	1.#INF	1.#INF	1.#INF	1.#INF	1.#INF	1.#INF	1.#INF	1.#INF	1.#INF	1.#INF	0.302632	1.#INF	1.#INF	1.#INF	1.#INF	1.#INF	1.#INF	1.#INF	1.#INF	1.#INF	1.#INF	1.75	1.#INF	1.#INF	1.#INF	1.#INF	1.#INF	1.#INF	1.#INF	1.#INF	1.#INF	1.#INF	1.#INF	1.#INF	1.25	1.#INF	1.#INF	1.#INF	1.#INF	1.#INF	1.#INF	1.25	
0.889189	0.276276	1.#INF	1.#INF	0.414414	0.277027	0.105336	0.592851	0.282194	1.#INF	0.193694	1.#INF	0	0.281081	0.304054	0.276276	0.387387	0.227027	0.227027	0.158004	0.291385	1.#INF	0.576577	0.393822	0.247748	0.707617	0.276276	0.227027	0.471744	0.22932	0.3734	1.#INF	0.227027	1.#INF	1.#INF	1.#INF	1.#INF	1.#INF	0.374775	1.#INF	0.227027	0.0936937	1.#INF	1.#INF	1.#INF	1.#INF	0.196466	1.#INF	0.179054	1.#INF	0.412913	0.492278	0.712462	0.36036	0.169884	1.#INF	0.127027	0.339768	1.#INF	0.152027	0.187387	1.#INF	1.#INF	1.#INF	1.#INF	0.138138	0.468468	0.227027	1.#INF	1.#INF	1.#INF	1.#INF	1.#INF	1.#INF	0.454054	0.339768	0.193694	0.227027	0.220721	1.#INF	1.#INF	0.454054	0.552553	0.429253	0.456081	0.238976	1.#INF	1.#INF	1.#INF	0.387387	1.#INF	1.#INF	0.152027	1.#INF	0.551802	0.456081	1.#INF	1.#INF	1.#INF	0.277027	1.#INF	1.#INF	0.193694	1.#INF	1.#INF	1.#INF	1.#INF	1.#INF	0.277027	1.#INF	0.36036	1.#INF	1.#INF	1.#INF	1.#INF	1.#INF	1.#INF	
0.166667	0.355556	0.266667	1.#INF	1.#INF	1.#INF	0.461538	0.296774	0.288235	1.#INF	0.466667	1.#INF	0.281081	0	0.383333	0.177778	0.466667	0.266667	0.266667	0.0923077	0.0979167	1.#INF	0.414815	0.138095	0.122222	1.#INF	0.177778	1.#INF	0.157576	0.290909	0.0929825	0.209524	0.266667	0.383333	1.#INF	0.466667	1.#INF	0.4	0.133333	1.#INF	1.#INF	1.#INF	1.#INF	1.#INF	1.#INF	1.#INF	1.#INF	1.#INF	0.3875	1.#INF	0.244444	0.27619	0.566667	1.#INF	1.#INF	1.#INF	1.#INF	1.#INF	1.#INF	0.191667	1.#INF	1.#INF	1.#INF	1.#INF	1.#INF	0.177778	1.#INF	0.533333	1.#INF	1.#INF	1.#INF	1.#INF	1.#INF	1.#INF	1.#INF	1.#INF	1.#INF	1.#INF	0.15	1.#INF	0.8	1.#INF	0.177778	0.12549	0.191667	0.596491	1.#INF	1.#INF	1.#INF	1.#INF	1.#INF	1.#INF	1.#INF	1.#INF	1.#INF	0.191667	1.#INF	1.#INF	1.#INF	1.#INF	1.#INF	1.#INF	1.#INF	1.#INF	1.#INF	1.#INF	1.#INF	1.#INF	1.#INF	1.#INF	1.#INF	1.#INF	1.#INF	1.#INF	1.#INF	1.#INF	1.#INF	
0.225	1.#INF	0.325	1.#INF	1.#INF	1.#INF	0.150641	0.314516	0.772059	1.#INF	1.#INF	1.#INF	0.304054	0.383333	0	0.944444	0.875	0.325	1.#INF	1.#INF	1.#INF	1.#INF	1.#INF	1.#INF	1.#INF	1.#INF	1.#INF	1.#INF	1.#INF	1.#INF	1.#INF	1.#INF	1.#INF	1.#INF	1.#INF	1.#INF	1.#INF	1.#INF	1.#INF	1.#INF	1.#INF	1.#INF	1.#INF	1.#INF	1.#INF	1.#INF	1.#INF	1.#INF	1.125	1.#INF	1.#INF	1.#INF	0.152778	1.#INF	1.#INF	1.#INF	1.#INF	1.#INF	0.458333	1.75	1.#INF	1.#INF	1.#INF	1.#INF	1.#INF	1.#INF	1.#INF	1.#INF	1.#INF	1.#INF	1.#INF	1.#INF	1.#INF	1.#INF	1.#INF	1.#INF	1.#INF	1.#INF	1.#INF	1.#INF	1.#INF	1.#INF	0.236111	1.#INF	0.25	1.#INF	0.625	0.267857	1.#INF	1.#INF	1.#INF	1.#INF	1.#INF	1.#INF	1.#INF	1.#INF	1.#INF	1.#INF	1.#INF	1.#INF	1.#INF	1.#INF	0.583333	1.#INF	1.#INF	1.#INF	1.#INF	1.#INF	1.#INF	1.#INF	1.#INF	1.125	1.#INF	1.#INF	1.#INF	1.#INF	1.#INF	
0.211111	1.#INF	1.#INF	1.#INF	1.#INF	1.#INF	0.136752	1.#INF	0.562092	1.#INF	1.#INF	1.#INF	0.276276	0.177778	0.944444	0	0.555556	0.622222	0.311111	1.#INF	1.#INF	1.#INF	1.#INF	1.#INF	0.333333	1.#INF	1.#INF	1.#INF	0.20202	1.#INF	1.#INF	1.#INF	1.#INF	1.#INF	1.#INF	1.#INF	1.#INF	1.#INF	1.#INF	1.#INF	1.#INF	1.#INF	1.#INF	1.#INF	1.#INF	1.#INF	1.#INF	1.#INF	0.520833	1.#INF	1.#INF	1.#INF	1.#INF	1.#INF	1.#INF	1.#INF	1.#INF	1.#INF	1.#INF	0.944444	1.#INF	1.#INF	1.#INF	1.#INF	1.#INF	1.#INF	1.#INF	1.#INF	1.#INF	1.#INF	1.#INF	1.#INF	1.#INF	1.#INF	1.#INF	1.#INF	1.#INF	1.#INF	1.#INF	1.#INF	1.#INF	1.#INF	1.#INF	1.#INF	1.#INF	1.#INF	1.22222	1.01587	1.#INF	1.#INF	1.#INF	1.#INF	1.#INF	1.#INF	1.#INF	1.#INF	1.#INF	1.#INF	1.#INF	1.#INF	1.08333	1.#INF	0.555556	1.#INF	1.#INF	1.#INF	1.#INF	1.#INF	1.#INF	1.#INF	1.#INF	1.11111	1.#INF	1.#INF	1.#INF	1.#INF	1.#INF	
0.266667	1.#INF	1.#INF	1.#INF	1.#INF	1.#INF	0.192308	0.397849	0.588235	1.#INF	1.#INF	1.#INF	0.387387	0.466667	0.875	0.555556	0	0.366667	1.#INF	1.#INF	1.#INF	1.#INF	1.#INF	1.#INF	1.#INF	1.#INF	1.#INF	1.#INF	0.257576	1.#INF	0.192982	1.#INF	1.#INF	1.#INF	1.#INF	1.#INF	1.#INF	1.#INF	1.#INF	1.#INF	1.#INF	1.#INF	1.#INF	1.#INF	1.#INF	1.#INF	1.#INF	1.#INF	0.6875	1.#INF	1.#INF	1.#INF	0.388889	1.#INF	1.#INF	1.#INF	1.#INF	1.#INF	0.5	0.875	1.#INF	1.#INF	1.#INF	1.#INF	1.#INF	1.#INF	1.#INF	1.#INF	1.#INF	1.#INF	1.#INF	1.#INF	1.#INF	1.#INF	1.#INF	1.#INF	1.#INF	1.#INF	1.#INF	1.#INF	1.#INF	0.366667	0.555556	0.22549	0.291667	1.#INF	1.#INF	0.309524	1.#INF	1.#INF	1.#INF	1.#INF	1.#INF	1.#INF	1.#INF	1.#INF	1.#INF	1.#INF	1.#INF	1.#INF	0.416667	1.#INF	1.#INF	1.#INF	1.#INF	1.#INF	1.#INF	1.#INF	1.#INF	1.#INF	1.#INF	1.#INF	1.#INF	1.#INF	1.#INF	1.#INF	1.#INF	
1.#INF	1.#INF	1.#INF	1.#INF	1.#INF	1.#INF	0.451282	0.232258	1.#INF	1.#INF	1.#INF	1.#INF	0.227027	0.266667	0.325	0.622222	0.366667	0	0.8	1.#INF	1.#INF	1.#INF	1.#INF	0.271429	1.#INF	1.#INF	1.#INF	1.#INF	0.290909	1.#INF	1.#INF	1.#INF	1.#INF	1.#INF	1.#INF	1.#INF	1.#INF	1.#INF	1.#INF	1.#INF	1.#INF	1.#INF	1.#INF	1.#INF	1.#INF	1.#INF	1.#INF	1.#INF	1.#INF	1.#INF	1.#INF	0.271429	1.#INF	1.#INF	1.#INF	1.#INF	1.#INF	1.#INF	0.533333	0.325	1.#INF	1.#INF	1.#INF	1.#INF	1.#INF	1.#INF	1.#INF	1.#INF	1.#INF	1.#INF	1.#INF	1.#INF	1.#INF	1.#INF	1.#INF	1.#INF	1.#INF	1.#INF	1.#INF	1.#INF	1.#INF	1.#INF	1.#INF	0.517647	1.#INF	1.#INF	0.7	1.#INF	1.#INF	1.#INF	1.#INF	1.#INF	1.#INF	1.#INF	1.#INF	1.#INF	1.#INF	1.#INF	1.#INF	1.#INF	1.#INF	1.#INF	0.366667	1.#INF	1.#INF	1.#INF	1.#INF	1.#INF	1.#INF	1.#INF	1.#INF	1.2	1.#INF	1.#INF	1.#INF	1.#INF	1.#INF	
1.#INF	1.#INF	1.#INF	1.#INF	1.#INF	1.#INF	0.451282	0.232258	0.229412	1.#INF	1.#INF	1.#INF	0.227027	0.266667	1.#INF	0.311111	1.#INF	0.8	0	1.#INF	1.#INF	0.325	1.#INF	1.#INF	1.#INF	1.#INF	1.#INF	1.#INF	0.290909	0.230303	0.226316	1.#INF	0.4	0.325	0.533333	0.366667	0.366667	1.#INF	1.#INF	1.#INF	1.#INF	0.266667	1.#INF	1.#INF	1.#INF	1.#INF	1.#INF	1.#INF	1.#INF	1.#INF	1.#INF	0.271429	0.227778	1.#INF	1.#INF	1.#INF	1.#INF	1.#INF	1.#INF	1.#INF	1.#INF	1.2	0.7	1.#INF	1.#INF	1.#INF	1.#INF	1.#INF	1.#INF	1.#INF	1.#INF	1.#INF	1.#INF	1.#INF	1.#INF	1.#INF	1.#INF	1.#INF	1.#INF	1.#INF	1.#INF	1.#INF	1.#INF	0.258824	1.#INF	1.#INF	1.#INF	1.#INF	1.#INF	1.#INF	1.#INF	1.#INF	1.#INF	1.#INF	1.#INF	1.#INF	1.#INF	1.#INF	1.#INF	1.#INF	1.#INF	1.#INF	1.#INF	1.#INF	1.#INF	1.#INF	1.#INF	1.#INF	1.#INF	1.#INF	1.#INF	1.#INF	1.#INF	1.#INF	1.#INF	1.#INF	1.#INF	
1.#INF	0.273504	1.#INF	1.#INF	1.#INF	1.#INF	0.153846	0.405294	0.275264	0.676923	1.#INF	0.551282	0.158004	0.0923077	1.#INF	1.#INF	1.#INF	1.#INF	1.#INF	0	0.967147	0.753205	0.188034	0.0970696	0.162393	0.11655	0.136752	0.451282	1.#INF	1.00699	0.831309	0.336996	0.225641	1.#INF	1.#INF	1.#INF	1.#INF	0.358974	0.369231	0.168498	0.225641	0.276923	1.07692	1.02564	0.826923	0.717949	0.705128	1.#INF	1.#INF	1.#INF	0.48718	0.388278	0.320513	0.717949	1.#INF	1.#INF	0.879487	0.336996	1.#INF	1.#INF	0.369231	1.#INF	1.#INF	1.#INF	1.#INF	1.#INF	0.184615	0.225641	0.826923	0.75641	0.168498	0.582751	0.676923	0.451282	0.225641	1.#INF	1.#INF	0.225641	0.217949	1.#INF	1.#INF	0.225641	0.410256	0.168929	0.301282	0.469636	1.#INF	1.#INF	1.#INF	1.#INF	1.#INF	1.#INF	1.#INF	1.#INF	0.326923	0.301282	0.717949	0.525641	1.#INF	0.551282	1.#INF	1.#INF	1.#INF	1.#INF	1.#INF	1.#INF	1.#INF	1.#INF	1.#INF	1.02564	1.#INF	1.#INF	1.#INF	1.#INF	1.#INF	1.#INF	1.02564	
1.#INF	1.#INF	1.#INF	1.#INF	1.#INF	1.#INF	0.227564	0.635081	0.242647	1.#INF	1.#INF	1.#INF	0.291385	0.0979167	1.#INF	1.#INF	1.#INF	1.#INF	1.#INF	0.967147	0	0.625	0.409722	0.205357	0.173611	1.#INF	0.142361	0.23125	1.#INF	0.61553	0.748355	0.348214	1.#INF	1.#INF	1.#INF	1.#INF	1.#INF	0.364583	0.391667	0.174107	0.23125	0.391667	1.#INF	1.#INF	0.84375	0.324519	0.418269	1.#INF	1.#INF	1.#INF	0.260417	0.308036	0.236111	1.09375	1.#INF	1.#INF	0.65625	1.#INF	1.#INF	1.#INF	0.783333	1.#INF	1.#INF	1.#INF	1.#INF	1.#INF	0.195833	1.#INF	1.#INF	0.73125	0.174107	1.#INF	0.69375	0.23125	1.#INF	1.#INF	1.#INF	0.23125	0.229167	1.#INF	1.#INF	1.#INF	0.427083	0.360294	0.3125	0.251645	1.#INF	1.#INF	0.729167	1.#INF	1.#INF	1.#INF	1.#INF	1.#INF	0.229167	0.15625	1.#INF	1.#INF	1.#INF	0.5625	1.#INF	1.#INF	1.#INF	0.53125	1.#INF	0.364583	1.#INF	1.#INF	1.#INF	1.#INF	1.#INF	1.#INF	1.#INF	1.#INF	1.03125	1.03125	1.#INF	
1.#INF	1.#INF	1.#INF	1.#INF	1.#INF	1.#INF	0.150641	0.471774	0.617647	1.#INF	1.#INF	1.#INF	1.#INF	1.#INF	1.#INF	1.#INF	1.#INF	1.#INF	0.325	0.753205	0.625	0	0.486111	0.196429	0.361111	0.215909	1.#INF	0.325	1.#INF	0.465909	0.151316	1.#INF	0.325	0.25	0.458333	0.291667	0.291667	1.#INF	1.#INF	1.#INF	1.#INF	1.#INF	1.#INF	1.#INF	0.375	0.403846	0.163462	1.#INF	1.#INF	1.#INF	1.#INF	1.#INF	0.152778	1.#INF	1.#INF	1.#INF	0.225	1.#INF	1.#INF	1.#INF	1.#INF	1.#INF	1.#INF	1.#INF	1.#INF	1.#INF	0.191667	1.#INF	1.#INF	1.#INF	1.#INF	0.215909	1.#INF	1.#INF	0.325	1.#INF	1.#INF	1.#INF	0.208333	1.#INF	1.#INF	1.#INF	1.#INF	1.#INF	1.#INF	0.355263	1.#INF	1.#INF	1.#INF	0.291667	1.#INF	1.#INF	1.#INF	1.#INF	1.#INF	1.#INF	1.#INF	1.#INF	1.#INF	1.#INF	1.#INF	1.#INF	1.#INF	1.#INF	1.#INF	1.#INF	1.#INF	1.#INF	1.#INF	1.#INF	1.#INF	1.#INF	1.#INF	1.#INF	1.#INF	1.#INF	1.#INF	
0.274074	1.#INF	0.237037	1.#INF	0.444444	0.287037	0.564103	0.485066	0.265795	1.#INF	1.#INF	1.#INF	0.576577	0.414815	1.#INF	1.#INF	1.#INF	1.#INF	1.#INF	0.188034	0.409722	0.486111	0	0.433862	0.277778	0.511785	0.444444	0.948148	0.255892	0.13468	1.#INF	0.179894	1.#INF	1.#INF	1.#INF	1.#INF	1.#INF	0.740741	0.311111	0.359788	1.#INF	0.207407	1.#INF	1.#INF	1.#INF	1.#INF	0.150997	0.137037	1.#INF	1.#INF	0.277778	0.433862	0.453704	1.#INF	0.539683	1.#INF	1.#INF	0.359788	1.#INF	1.#INF	0.103704	1.#INF	1.#INF	0.148148	1.#INF	0.592593	0.207407	1.#INF	1.#INF	1.#INF	0.179894	1.#INF	0.237037	0.237037	1.#INF	0.539683	1.#INF	1.#INF	1.#INF	1.#INF	1.#INF	1.#INF	0.296296	0.0958606	0.162037	0.358674	1.#INF	1.#INF	1.#INF	0.611111	0.203704	1.#INF	1.#INF	1.#INF	0.240741	0.486111	1.#INF	1.#INF	1.#INF	1.#INF	1.#INF	1.#INF	1.#INF	1.#INF	1.#INF	1.#INF	1.#INF	1.#INF	0.287037	1.#INF	0.37037	1.#INF	1.#INF	1.#INF	1.#INF	1.#INF	1.#INF	
0.514286	0.18254	1.#INF	1.#INF	1.#INF	1.#INF	0.679487	0.207373	0.10084	1.#INF	1.#INF	1.#INF	0.393822	0.138095	1.#INF	1.#INF	1.#INF	0.271429	1.#INF	0.0970696	0.205357	0.196429	0.433862	0	0.507937	0.162338	0.365079	1.#INF	0.162338	0.203463	0.0977444	1.#INF	0.271429	1.#INF	1.#INF	1.#INF	1.#INF	1.#INF	1.#INF	0.642857	0.271429	0.138095	1.#INF	1.#INF	1.#INF	0.148352	0.10989	0.171429	1.#INF	1.#INF	0.380952	1.#INF	0.0992064	1.#INF	1.#INF	1.#INF	1.#INF	1.#INF	1.#INF	1.#INF	1.#INF	1.#INF	1.#INF	0.18254	1.#INF	0.365079	0.27619	0.271429	0.321429	1.#INF	1.#INF	1.#INF	1.#INF	0.271429	1.#INF	1.#INF	1.#INF	0.271429	1.#INF	1.#INF	1.#INF	0.271429	1.#INF	0.260504	0.196429	1.#INF	1.#INF	1.#INF	1.#INF	0.476191	1.#INF	1.#INF	0.196429	1.#INF	1.#INF	1.#INF	1.#INF	1.#INF	0.404762	1.#INF	1.#INF	1.#INF	0.238095	1.#INF	1.#INF	1.#INF	1.#INF	1.#INF	1.#INF	1.#INF	1.#INF	1.#INF	1.#INF	1.#INF	1.#INF	1.#INF	1.#INF	
0.466667	0.333333	1.#INF	0.388889	1.#INF	1.#INF	0.568376	1.#INF	0.169935	1.#INF	1.#INF	1.#INF	0.247748	0.122222	1.#INF	0.333333	1.#INF	1.#INF	1.#INF	0.162393	0.173611	0.361111	0.277778	0.507937	0	1.#INF	0.166667	1.#INF	1.#INF	0.171717	1.#INF	1.#INF	1.#INF	0.361111	1.#INF	0.222222	1.#INF	0.388889	0.122222	0.198413	1.#INF	1.#INF	1.#INF	1.#INF	1.#INF	0.132479	0.0940171	1.#INF	0.354167	0.611111	0.333333	0.253968	0.5	1.#INF	1.#INF	0.388889	1.#INF	1.#INF	1.#INF	1.#INF	1.#INF	1.#INF	1.#INF	1.#INF	1.#INF	0.166667	0.366667	0.511111	0.305556	0.105556	1.#INF	0.146465	0.255556	0.255556	0.255556	1.#INF	1.#INF	1.#INF	1.#INF	0.388889	1.#INF	1.#INF	1.#INF	0.114379	1.#INF	0.216374	1.#INF	0.396825	1.#INF	0.444444	1.#INF	1.#INF	1.#INF	1.#INF	0.138889	1.#INF	1.#INF	1.#INF	1.#INF	0.305556	0.611111	1.#INF	0.222222	1.#INF	1.#INF	1.#INF	1.05556	1.#INF	0.305556	1.#INF	1.#INF	1.#INF	0.555556	0.388889	1.#INF	1.#INF	1.#INF	
1.#INF	1.#INF	0.290909	1.#INF	0.606061	0.340909	0.2331	0.246334	0.240642	1.#INF	1.#INF	1.#INF	0.707617	1.#INF	1.#INF	1.#INF	1.#INF	1.#INF	1.#INF	0.11655	1.#INF	0.215909	0.511785	0.162338	1.#INF	0	0.20202	0.290909	0.545455	0.121212	0.351675	1.#INF	1.#INF	1.#INF	1.#INF	1.#INF	1.#INF	1.#INF	0.315152	0.233766	1.#INF	1.#INF	1.#INF	1.#INF	1.#INF	1.#INF	0.129371	1.#INF	1.#INF	1.#INF	1.#INF	1.#INF	1.#INF	1.#INF	1.#INF	1.#INF	1.#INF	0.233766	1.#INF	1.#INF	1.#INF	1.#INF	1.#INF	1.#INF	1.#INF	1.#INF	1.#INF	1.#INF	1.#INF	1.#INF	1.#INF	1.#INF	1.#INF	0.290909	0.290909	0.467532	0.257576	1.#INF	0.348485	1.#INF	1.#INF	1.#INF	0.20202	0.449198	0.431818	0.143541	1.#INF	1.#INF	1.#INF	0.257576	1.#INF	1.#INF	1.#INF	1.#INF	1.#INF	1.#INF	1.#INF	1.#INF	1.#INF	1.#INF	1.#INF	1.#INF	1.#INF	1.#INF	1.#INF	1.#INF	1.#INF	0.424242	1.#INF	1.#INF	0.424242	1.#INF	1.#INF	1.#INF	1.#INF	1.#INF	1.#INF	
0.422222	1.#INF	0.311111	1.#INF	1.#INF	1.#INF	0.410256	0.143369	0.140523	1.#INF	1.#INF	1.#INF	0.276276	0.177778	1.#INF	1.#INF	1.#INF	1.#INF	1.#INF	0.136752	0.142361	1.#INF	0.444444	0.365079	0.166667	0.20202	0	0.311111	0.20202	0.282828	0.274854	1.#INF	1.#INF	1.#INF	1.#INF	1.#INF	1.#INF	1.#INF	1.#INF	1.#INF	1.#INF	0.355556	1.#INF	1.#INF	0.361111	0.188034	0.299145	1.#INF	1.#INF	1.#INF	1.#INF	1.#INF	0.138889	1.#INF	0.253968	1.#INF	1.#INF	1.#INF	1.#INF	1.#INF	0.177778	1.#INF	1.#INF	1.#INF	0.361111	0.222222	1.#INF	1.#INF	1.#INF	0.161111	0.253968	1.#INF	1.#INF	1.#INF	1.#INF	1.#INF	1.#INF	1.#INF	1.#INF	1.#INF	1.#INF	1.#INF	1.#INF	0.509804	1.#INF	0.163743	1.#INF	1.#INF	1.#INF	0.555556	1.#INF	1.#INF	0.236111	0.611111	0.194444	1.#INF	1.#INF	1.#INF	1.#INF	1.#INF	1.#INF	1.#INF	1.#INF	1.#INF	1.#INF	1.#INF	1.#INF	1.#INF	1.#INF	1.#INF	1.#INF	1.#INF	1.#INF	1.#INF	1.#INF	1.#INF	1.#INF	
1.#INF	1.#INF	0.4	1.#INF	0.622222	1.#INF	0.676923	1.#INF	1.#INF	1.#INF	1.#INF	1.#INF	0.227027	1.#INF	1.#INF	1.#INF	1.#INF	1.#INF	1.#INF	0.451282	0.23125	0.325	0.948148	1.#INF	1.#INF	0.290909	0.311111	0	0.290909	0.460606	1.#INF	1.#INF	1.#INF	1.#INF	1.#INF	1.#INF	1.#INF	1.#INF	1.#INF	1.#INF	1.#INF	1.#INF	1.#INF	1.#INF	1.#INF	1.#INF	0.238462	1.#INF	1.#INF	1.#INF	0.255556	1.#INF	1.#INF	1.#INF	0.685714	1.#INF	1.#INF	0.685714	1.#INF	1.#INF	1.#INF	1.#INF	1.#INF	1.#INF	1.#INF	1.#INF	0.266667	1.#INF	1.#INF	1.#INF	1.#INF	1.#INF	1.#INF	1.#INF	1.#INF	0.685714	1.#INF	0.4	1.#INF	1.#INF	1.#INF	1.#INF	1.#INF	1.#INF	1.#INF	1.#INF	1.#INF	1.#INF	1.#INF	1.#INF	1.#INF	1.#INF	1.#INF	1.#INF	1.#INF	1.#INF	1.#INF	1.#INF	1.#INF	1.#INF	1.#INF	1.#INF	1.#INF	1.#INF	1.#INF	1.#INF	1.#INF	1.#INF	1.#INF	1.#INF	1.#INF	1.#INF	1.#INF	1.#INF	1.#INF	1.#INF	1.#INF	
1.#INF	0.20202	0.290909	1.#INF	1.#INF	1.#INF	0.2331	0.246334	0.120321	0.290909	0.257576	0.340909	0.471744	0.157576	1.#INF	0.20202	0.257576	0.290909	0.290909	1.#INF	1.#INF	1.#INF	0.255892	0.162338	1.#INF	0.545455	0.20202	0.290909	0	1.#INF	0.117225	1.#INF	0.290909	1.#INF	1.#INF	1.#INF	1.#INF	1.#INF	0.157576	1.#INF	1.#INF	0.157576	1.#INF	1.#INF	1.#INF	1.#INF	1.#INF	1.#INF	1.#INF	1.#INF	1.#INF	0.324675	0.474747	1.#INF	1.#INF	1.#INF	1.#INF	1.#INF	1.#INF	1.#INF	1.#INF	1.#INF	1.#INF	1.#INF	1.#INF	1.#INF	0.315152	1.#INF	1.#INF	1.#INF	1.#INF	1.#INF	1.#INF	1.#INF	1.#INF	1.#INF	1.#INF	1.#INF	1.#INF	1.#INF	1.#INF	0.290909	0.40404	0.149733	1.#INF	0.143541	0.590909	0.233766	1.#INF	0.257576	1.#INF	1.#INF	0.215909	1.#INF	1.#INF	1.#INF	0.424242	1.#INF	1.#INF	1.#INF	1.#INF	1.#INF	1.#INF	1.#INF	1.#INF	1.#INF	1.#INF	0.424242	1.#INF	1.#INF	0.424242	1.#INF	1.#INF	1.#INF	1.#INF	1.#INF	1.#INF	
0.130303	0.424242	1.#INF	1.#INF	1.#INF	1.#INF	0.167832	0.437928	0.11943	0.230303	1.#INF	0.280303	0.22932	0.290909	1.#INF	1.#INF	1.#INF	1.#INF	0.230303	1.00699	0.61553	0.465909	0.13468	0.203463	0.171717	0.121212	0.282828	0.460606	1.#INF	0	0.792663	0.17316	0.230303	1.#INF	1.#INF	1.#INF	1.#INF	1.#INF	0.387879	1.#INF	0.230303	0.0969697	0.363636	1.#INF	1.#INF	1.17949	0.962704	1.#INF	1.#INF	1.#INF	0.257576	1.#INF	0.290404	0.727273	0.17316	1.#INF	0.390909	0.34632	1.#INF	1.#INF	0.775758	1.#INF	1.#INF	1.#INF	1.#INF	0.282828	0.0969697	0.460606	1.#INF	0.80303	1.#INF	0.727273	0.921212	0.460606	1.#INF	1.#INF	1.#INF	0.460606	0.227273	1.#INF	1.#INF	1.#INF	0.141414	0.178253	0.155303	0.0829346	1.#INF	1.#INF	0.727273	0.19697	1.#INF	1.#INF	1.#INF	1.#INF	0.227273	1.#INF	0.363636	1.#INF	1.#INF	0.560606	1.#INF	1.#INF	1.#INF	1.#INF	1.#INF	1.#INF	1.#INF	1.#INF	1.#INF	1.0303	1.#INF	1.#INF	1.#INF	1.#INF	1.#INF	1.#INF	1.#INF	
0.126316	0.274854	1.#INF	1.#INF	1.#INF	1.#INF	0.207827	0.292869	0.278638	1.#INF	1.#INF	1.#INF	0.3734	0.0929825	1.#INF	1.#INF	0.192982	1.#INF	0.226316	0.831309	0.748355	0.151316	1.#INF	0.0977444	1.#INF	0.351675	0.274854	1.#INF	0.117225	0.792663	0	0.338346	1.#INF	1.#INF	1.#INF	1.#INF	1.#INF	1.#INF	0.557895	1.#INF	1.#INF	0.37193	1.#INF	1.#INF	0.552632	0.619433	1.16599	1.#INF	1.#INF	1.#INF	0.409357	1.#INF	0.162281	0.359649	0.338346	1.#INF	0.757895	1.#INF	1.#INF	1.#INF	0.929825	1.02632	0.526316	1.#INF	1.#INF	0.137427	0.557895	1.#INF	1.#INF	0.992105	1.#INF	0.703349	1.#INF	0.226316	0.226316	1.#INF	1.#INF	0.678947	0.438596	1.#INF	1.#INF	0.452632	0.549708	0.681115	0.907895	0.394737	1.#INF	1.#INF	0.359649	1.#INF	1.#INF	1.#INF	1.#INF	1.#INF	0.219298	0.302632	1.#INF	1.05263	1.#INF	0.552632	1.#INF	1.#INF	1.#INF	1.#INF	1.#INF	1.#INF	1.#INF	1.#INF	1.#INF	1.#INF	1.#INF	1.#INF	1.#INF	1.#INF	1.#INF	1.#INF	1.#INF	
1.#INF	0.253968	1.#INF	1.#INF	1.#INF	1.#INF	1.#INF	0.175115	0.344538	1.#INF	1.#INF	1.#INF	1.#INF	0.209524	1.#INF	1.#INF	1.#INF	1.#INF	1.#INF	0.336996	0.348214	1.#INF	0.179894	1.#INF	1.#INF	1.#INF	1.#INF	1.#INF	1.#INF	0.17316	0.338346	0	0.342857	0.267857	1.#INF	0.309524	0.619048	1.#INF	1.#INF	1.#INF	0.342857	0.209524	1.#INF	1.#INF	0.392857	1.#INF	1.#INF	1.#INF	0.410714	1.#INF	1.#INF	1.#INF	0.34127	1.#INF	1.#INF	0.476191	0.242857	0.285714	1.#INF	1.#INF	1.#INF	1.#INF	1.#INF	1.#INF	1.#INF	0.253968	1.#INF	1.#INF	1.#INF	0.192857	1.#INF	1.#INF	1.#INF	1.#INF	1.#INF	1.#INF	1.#INF	1.#INF	0.22619	1.#INF	1.#INF	1.#INF	0.253968	1.#INF	1.#INF	1.#INF	1.#INF	1.#INF	1.#INF	1.#INF	1.#INF	1.#INF	1.#INF	1.#INF	1.#INF	0.267857	1.#INF	1.#INF	1.#INF	1.#INF	1.#INF	1.#INF	1.#INF	1.#INF	1.#INF	1.#INF	1.#INF	1.#INF	1.#INF	1.#INF	1.#INF	1.#INF	1.#INF	1.#INF	1.#INF	1.#INF	1.#INF	
1.#INF	0.311111	1.#INF	1.#INF	1.#INF	1.#INF	1.#INF	0.232258	0.229412	1.#INF	1.#INF	1.#INF	0.227027	0.266667	1.#INF	1.#INF	1.#INF	1.#INF	0.4	0.225641	1.#INF	0.325	1.#INF	0.271429	1.#INF	1.#INF	1.#INF	1.#INF	0.290909	0.230303	1.#INF	0.342857	0	0.325	0.533333	0.366667	0.366667	1.#INF	1.#INF	0.342857	1.#INF	1.#INF	1.#INF	1.#INF	0.45	1.#INF	1.#INF	1.#INF	1.#INF	1.#INF	1.#INF	1.#INF	0.227778	1.#INF	1.#INF	1.#INF	0.3	0.342857	1.#INF	1.#INF	1.#INF	1.#INF	1.#INF	1.#INF	1.#INF	1.#INF	0.266667	0.4	1.#INF	1.#INF	1.#INF	1.#INF	1.#INF	1.#INF	1.#INF	1.#INF	1.#INF	1.#INF	1.#INF	1.#INF	1.#INF	0.4	1.#INF	1.#INF	1.#INF	1.#INF	1.#INF	1.#INF	1.#INF	1.#INF	1.#INF	1.#INF	1.#INF	1.#INF	1.#INF	1.#INF	1.#INF	1.#INF	0.533333	1.#INF	1.#INF	1.#INF	1.#INF	1.#INF	1.#INF	1.#INF	1.#INF	1.#INF	1.#INF	1.#INF	1.#INF	1.#INF	1.#INF	1.#INF	1.#INF	1.#INF	1.#INF	
0.225	1.#INF	1.#INF	1.#INF	0.236111	0.375	1.#INF	1.#INF	1.08088	1.#INF	0.583333	1.#INF	1.#INF	0.383333	1.#INF	1.#INF	1.#INF	1.#INF	0.325	1.#INF	1.#INF	0.25	1.#INF	1.#INF	0.361111	1.#INF	1.#INF	1.#INF	1.#INF	1.#INF	1.#INF	0.267857	0.325	0	0.458333	1.75	0.875	1.#INF	1.#INF	1.#INF	1.#INF	1.#INF	1.#INF	1.#INF	1.#INF	1.#INF	1.#INF	0.225	1.125	1.125	1.#INF	0.196429	1.#INF	1.#INF	1.#INF	0.458333	1.#INF	1.#INF	1.#INF	1.#INF	1.#INF	1.#INF	1.#INF	1.#INF	1.#INF	1.#INF	1.#INF	1.#INF	1.#INF	1.#INF	1.#INF	1.#INF	1.#INF	1.#INF	1.#INF	1.#INF	1.#INF	1.#INF	0.208333	1.#INF	0.916667	1.#INF	1.#INF	1.#INF	1.#INF	0.355263	1.#INF	1.#INF	1.#INF	1.#INF	1.#INF	1.#INF	1.#INF	1.#INF	1.#INF	0.25	1.#INF	1.#INF	1.#INF	1.#INF	1.#INF	1.#INF	1.#INF	1.#INF	1.#INF	1.#INF	1.125	1.#INF	1.#INF	1.#INF	1.#INF	1.#INF	1.#INF	1.#INF	1.#INF	1.#INF	1.#INF	
1.#INF	1.#INF	1.#INF	1.#INF	1.#INF	1.#INF	0.358974	1.#INF	0.72549	1.#INF	1.#INF	1.#INF	1.#INF	1.#INF	1.#INF	1.#INF	1.#INF	1.#INF	0.533333	1.#INF	1.#INF	0.458333	1.#INF	1.#INF	1.#INF	1.#INF	1.#INF	1.#INF	1.#INF	1.#INF	1.#INF	1.#INF	0.533333	0.458333	0	0.5	0.5	1.#INF	1.#INF	1.#INF	1.#INF	1.#INF	1.#INF	1.#INF	1.#INF	1.#INF	1.#INF	1.#INF	1.#INF	1.#INF	1.#INF	1.#INF	1.#INF	1.#INF	1.#INF	1.#INF	1.#INF	1.#INF	1.#INF	1.#INF	1.#INF	1.#INF	1.#INF	1.#INF	1.#INF	1.#INF	1.#INF	1.#INF	1.#INF	1.#INF	1.#INF	1.#INF	1.#INF	1.#INF	1.#INF	1.#INF	1.#INF	1.#INF	0.416667	0.666667	0.666667	1.#INF	1.#INF	1.#INF	1.#INF	1.#INF	1.#INF	1.#INF	1.#INF	1.#INF	1.#INF	1.#INF	1.#INF	1.#INF	1.#INF	1.#INF	1.#INF	1.#INF	1.#INF	1.#INF	0.583333	1.#INF	0.5	1.#INF	1.#INF	1.#INF	1.#INF	1.#INF	1.#INF	1.#INF	1.#INF	1.#INF	1.#INF	1.#INF	1.#INF	1.#INF	1.#INF	
0.266667	1.#INF	1.#INF	1.#INF	0.277778	0.416667	1.#INF	1.#INF	0.980392	1.#INF	0.666667	1.#INF	1.#INF	0.466667	1.#INF	1.#INF	1.#INF	1.#INF	0.366667	1.#INF	1.#INF	0.291667	1.#INF	1.#INF	0.222222	1.#INF	1.#INF	1.#INF	1.#INF	1.#INF	1.#INF	0.309524	0.366667	1.75	0.5	0	0.666667	1.#INF	1.#INF	1.#INF	1.#INF	1.#INF	1.#INF	1.#INF	1.#INF	1.#INF	1.#INF	1.#INF	0.916667	0.833333	1.#INF	0.238095	1.#INF	1.#INF	1.#INF	1.#INF	1.#INF	1.#INF	1.#INF	1.#INF	1.#INF	1.#INF	1.#INF	1.#INF	1.#INF	1.#INF	1.#INF	1.#INF	1.#INF	1.#INF	1.#INF	1.#INF	1.#INF	1.#INF	1.#INF	1.#INF	1.#INF	1.#INF	0.25	1.#INF	1	1.#INF	1.#INF	1.#INF	1.#INF	0.438596	1.#INF	1.#INF	1.#INF	1.#INF	1.#INF	1.#INF	1.#INF	1.#INF	1.#INF	0.291667	1.#INF	1.#INF	1.#INF	1.#INF	1.#INF	1.#INF	1.#INF	1.#INF	1.#INF	1.#INF	1.#INF	1.#INF	1.#INF	1.#INF	1.#INF	1.#INF	1.#INF	1.#INF	1.#INF	1.#INF	1.#INF	
1.#INF	1.#INF	1.#INF	1.#INF	1.#INF	1.#INF	1.#INF	1.#INF	0.588235	1.#INF	1.#INF	1.#INF	1.#INF	1.#INF	1.#INF	1.#INF	1.#INF	1.#INF	0.366667	1.#INF	1.#INF	0.291667	1.#INF	1.#INF	1.#INF	1.#INF	1.#INF	1.#INF	1.#INF	1.#INF	1.#INF	0.619048	0.366667	0.875	0.5	0.666667	0	1.#INF	1.#INF	1.#INF	0.366667	0.233333	1.#INF	1.#INF	1.#INF	1.#INF	1.#INF	0.266667	0.6875	1.#INF	1.#INF	1.#INF	1.#INF	1.#INF	0.309524	1	1.#INF	1.#INF	1.#INF	1.#INF	1.#INF	1.#INF	1.#INF	1.#INF	1.#INF	1.#INF	1.#INF	1.#INF	1.#INF	1.#INF	1.#INF	1.#INF	1.#INF	1.#INF	1.#INF	1.#INF	1.#INF	1.#INF	1.#INF	1.#INF	1.#INF	1.#INF	1.#INF	1.#INF	1.#INF	1.#INF	1.#INF	1.#INF	1.#INF	1.#INF	1.#INF	1.#INF	1.#INF	1.#INF	1.#INF	0.291667	1.#INF	1.#INF	1.#INF	1.#INF	1.#INF	1.#INF	1.#INF	1.#INF	1.#INF	1.#INF	1.#INF	1.#INF	1.#INF	1.#INF	1.#INF	1.#INF	1.#INF	1.#INF	1.#INF	1.#INF	1.#INF	
1.#INF	1.#INF	1.#INF	1.#INF	1.#INF	1.#INF	0.358974	0.365591	1.#INF	1.#INF	1.#INF	1.#INF	1.#INF	0.4	1.#INF	1.#INF	1.#INF	1.#INF	1.#INF	0.358974	0.364583	1.#INF	0.740741	1.#INF	0.388889	1.#INF	1.#INF	1.#INF	1.#INF	1.#INF	1.#INF	1.#INF	1.#INF	1.#INF	1.#INF	1.#INF	1.#INF	0	0.4	0.476191	1.#INF	0.4	1.#INF	1.#INF	1.#INF	1.#INF	1.#INF	1.#INF	1.#INF	1.#INF	0.388889	1.#INF	0.722222	1.#INF	1.#INF	1.#INF	1.#INF	1.#INF	1.#INF	1.#INF	1.#INF	1.#INF	1.#INF	1.#INF	1.#INF	0.444444	1.#INF	1.#INF	1.#INF	1.#INF	1.#INF	1.#INF	1.#INF	1.#INF	1.#INF	1.#INF	1.#INF	1.#INF	0.416667	1.#INF	1.#INF	1.#INF	1.#INF	1.#INF	1.#INF	1.#INF	1.#INF	0.476191	1.#INF	1.#INF	1.#INF	1.#INF	1.#INF	1.#INF	1.#INF	1.#INF	1.#INF	1.#INF	1.#INF	1.#INF	1.#INF	1.#INF	1.#INF	1.#INF	1.#INF	1.#INF	1.#INF	1.#INF	1.#INF	1.#INF	1.#INF	1.#INF	1.#INF	1.#INF	1.#INF	1.#INF	1.#INF	
1.#INF	1.#INF	1.#INF	0.4	1.#INF	1.#INF	0.184615	0.197849	0.192157	1.#INF	0.233333	1.#INF	0.374775	0.133333	1.#INF	1.#INF	1.#INF	1.#INF	1.#INF	0.369231	0.391667	1.#INF	0.311111	1.#INF	0.122222	0.315152	1.#INF	1.#INF	0.157576	0.387879	0.557895	1.#INF	1.#INF	1.#INF	1.#INF	1.#INF	1.#INF	0.4	0	0.209524	1.#INF	0.133333	1.#INF	1.#INF	1.#INF	0.14359	0.105128	0.166667	0.129167	1.#INF	0.244444	0.27619	0.377778	0.4	1.#INF	1.#INF	0.333333	1.#INF	1.#INF	1.#INF	0.4	1.#INF	1.#INF	0.177778	1.#INF	1.#INF	1.#INF	0.266667	1.#INF	0.116667	0.209524	0.157576	1.#INF	0.266667	0.266667	1.#INF	1.#INF	1.#INF	0.3	1.#INF	1.#INF	1.#INF	1.#INF	0.501961	0.383333	1.#INF	1.#INF	1.#INF	0.8	0.233333	0.233333	1.#INF	1.#INF	1.#INF	1.#INF	1.#INF	1.#INF	1.#INF	1.#INF	1.#INF	1.#INF	1.#INF	1.#INF	1.#INF	1.#INF	1.#INF	1.#INF	1.#INF	1.#INF	1.#INF	1.#INF	1.#INF	1.#INF	1.#INF	1.#INF	1.#INF	1.#INF	
1.#INF	1.#INF	1.#INF	0.476191	1.#INF	1.#INF	0.505495	0.175115	1.#INF	1.#INF	1.#INF	1.#INF	1.#INF	1.#INF	1.#INF	1.#INF	1.#INF	1.#INF	1.#INF	0.168498	0.174107	1.#INF	0.359788	0.642857	0.198413	0.233766	1.#INF	1.#INF	1.#INF	1.#INF	1.#INF	1.#INF	0.342857	1.#INF	1.#INF	1.#INF	1.#INF	0.476191	0.209524	0	1.#INF	1.#INF	1.#INF	1.#INF	1.#INF	1.#INF	1.#INF	0.485714	1.#INF	1.#INF	0.198413	1.#INF	0.170635	1.#INF	1.#INF	1.#INF	1.#INF	1.#INF	1.#INF	1.#INF	1.#INF	1.#INF	0.642857	0.507937	1.#INF	1.#INF	1.#INF	1.#INF	1.#INF	1.#INF	0.285714	1.#INF	1.#INF	0.342857	1.#INF	1.#INF	0.309524	1.#INF	1.#INF	0.476191	1.#INF	0.342857	1.#INF	1.#INF	1.#INF	1.#INF	1.#INF	1.#INF	1.#INF	1.#INF	0.309524	0.476191	0.267857	1.#INF	1.#INF	1.#INF	1.#INF	1.#INF	0.476191	1.#INF	1.#INF	0.476191	1.#INF	1.#INF	1.#INF	1.#INF	1.#INF	1.#INF	1.#INF	1.#INF	1.#INF	1.#INF	1.#INF	1.#INF	1.#INF	1.#INF	1.#INF	
0.3	1.#INF	1.#INF	1.#INF	1.#INF	1.#INF	0.225641	0.232258	1.#INF	1.#INF	0.366667	1.#INF	0.227027	1.#INF	1.#INF	1.#INF	1.#INF	1.#INF	1.#INF	0.225641	0.23125	1.#INF	1.#INF	0.271429	1.#INF	1.#INF	1.#INF	1.#INF	1.#INF	0.230303	1.#INF	0.342857	1.#INF	1.#INF	1.#INF	1.#INF	0.366667	1.#INF	1.#INF	1.#INF	0	1.#INF	1.#INF	1.#INF	1.#INF	1.#INF	1.#INF	1.#INF	0.2625	1.#INF	1.#INF	1.#INF	1.#INF	1.#INF	1.#INF	0.533333	1.#INF	1.#INF	1.#INF	1.#INF	0.266667	1.#INF	1.#INF	1.#INF	1.#INF	1.#INF	1.#INF	1.#INF	1.#INF	1.#INF	1.#INF	1.#INF	0.4	1.#INF	1.#INF	1.#INF	1.#INF	1.#INF	1.#INF	1.#INF	1.#INF	1.#INF	1.#INF	1.#INF	1.#INF	1.#INF	1.#INF	0.342857	1.#INF	1.#INF	1.#INF	1.#INF	1.#INF	1.#INF	0.566667	1.#INF	1.#INF	1.#INF	1.#INF	1.#INF	1.#INF	1.#INF	1.#INF	0.7	1.2	0.533333	1.#INF	1.#INF	1.#INF	1.#INF	1.#INF	1.#INF	1.#INF	1.#INF	1.#INF	1.#INF	1.#INF	
0.166667	1.#INF	1.#INF	1.#INF	1.#INF	1.#INF	0.184615	0.395699	0.192157	0.266667	1.#INF	1.#INF	0.0936937	1.#INF	1.#INF	1.#INF	1.#INF	1.#INF	0.266667	0.276923	0.391667	1.#INF	0.207407	0.138095	1.#INF	1.#INF	0.355556	1.#INF	0.157576	0.0969697	0.37193	0.209524	1.#INF	1.#INF	1.#INF	1.#INF	0.233333	0.4	0.133333	1.#INF	1.#INF	0	0.4	1.06667	1.#INF	1.#INF	0.315385	1.#INF	1.#INF	1.#INF	0.366667	1.#INF	0.283333	1.#INF	0.419048	0.4	0.166667	1.#INF	1.#INF	1.#INF	0.266667	1.06667	0.566667	0.177778	0.316667	0.355556	0.133333	1.#INF	1.#INF	0.116667	1.#INF	0.157576	1.#INF	1.#INF	1.#INF	1.#INF	1.#INF	0.266667	0.15	1.#INF	1.#INF	1.#INF	1.#INF	1.#INF	1.#INF	0.119298	1.#INF	0.209524	1.#INF	0.233333	1.#INF	1.#INF	0.575	0.566667	1.#INF	1.#INF	1.#INF	1.#INF	1.#INF	1.#INF	1.#INF	1.#INF	1.#INF	0.566667	1.#INF	0.4	1.#INF	0.4	1.#INF	1.#INF	0.4	1.#INF	1.#INF	0.4	1.06667	1.06667	1.#INF	
1.#INF	1.#INF	1.#INF	1.#INF	1.#INF	1.#INF	1.#INF	1.#INF	0.362745	1.6	1.#INF	1.16667	1.#INF	1.#INF	1.#INF	1.#INF	1.#INF	1.#INF	1.#INF	1.07692	1.#INF	1.#INF	1.#INF	1.#INF	1.#INF	1.#INF	1.#INF	1.#INF	1.#INF	0.363636	1.#INF	1.#INF	1.#INF	1.#INF	1.#INF	1.#INF	1.#INF	1.#INF	1.#INF	1.#INF	1.#INF	0.4	0	1.33333	1.#INF	1.#INF	1.#INF	1.#INF	1.#INF	1.#INF	1.#INF	1.#INF	1.#INF	1.#INF	1.#INF	1.#INF	1.#INF	1.#INF	1.#INF	1.#INF	1.#INF	1.#INF	1.#INF	1.#INF	1.#INF	1.#INF	1.#INF	1.#INF	1.#INF	1.#INF	1.#INF	1.#INF	1.#INF	1.#INF	1.#INF	1.#INF	1.#INF	1.#INF	1.#INF	1.#INF	1.#INF	1.#INF	1.#INF	1.#INF	1.#INF	1.#INF	1.#INF	1.#INF	1.#INF	1.#INF	1.#INF	1.#INF	1.#INF	1.#INF	1.#INF	1.#INF	1.33333	1.#INF	1.#INF	1.#INF	1.#INF	1.#INF	1.#INF	1.#INF	1.#INF	1.#INF	1.#INF	1.#INF	1.#INF	1.33333	1.#INF	1.#INF	1.#INF	1.#INF	1.#INF	1.#INF	1.33333	
1.#INF	1.#INF	1.#INF	1.#INF	1.#INF	1.#INF	1.#INF	1.#INF	1.#INF	1.2	1.#INF	1.#INF	1.#INF	1.#INF	1.#INF	1.#INF	1.#INF	1.#INF	1.#INF	1.02564	1.#INF	1.#INF	1.#INF	1.#INF	1.#INF	1.#INF	1.#INF	1.#INF	1.#INF	1.#INF	1.#INF	1.#INF	1.#INF	1.#INF	1.#INF	1.#INF	1.#INF	1.#INF	1.#INF	1.#INF	1.#INF	1.06667	1.33333	0	1.#INF	1.#INF	1.#INF	1.#INF	1.#INF	1.#INF	1.#INF	1.#INF	1.#INF	1.#INF	1.#INF	1.#INF	1.#INF	1.#INF	1.#INF	1.#INF	1.#INF	1.#INF	1.#INF	1.#INF	1.#INF	1.#INF	1.#INF	1.#INF	1.#INF	1.#INF	1.#INF	1.#INF	1.#INF	1.#INF	1.#INF	1.#INF	1.#INF	1.#INF	1.#INF	1.#INF	1.#INF	1.#INF	1.#INF	1.#INF	1.#INF	1.#INF	1.#INF	1.#INF	1.#INF	1.#INF	1.#INF	1.#INF	1.#INF	1.#INF	1.#INF	1.#INF	1.#INF	1.#INF	1.#INF	1.#INF	1.#INF	1.#INF	1.#INF	1.#INF	1.#INF	1.#INF	1.#INF	1.#INF	1.#INF	1.#INF	1.#INF	1.#INF	1.#INF	1.#INF	1.#INF	1.#INF	1.#INF	
1.#INF	1.#INF	1.#INF	1.#INF	1.#INF	1.#INF	1.#INF	1.#INF	0.279412	1.#INF	1.#INF	1.#INF	1.#INF	1.#INF	1.#INF	1.#INF	1.#INF	1.#INF	1.#INF	0.826923	0.84375	0.375	1.#INF	1.#INF	1.#INF	1.#INF	0.361111	1.#INF	1.#INF	1.#INF	0.552632	0.392857	0.45	1.#INF	1.#INF	1.#INF	1.#INF	1.#INF	1.#INF	1.#INF	1.#INF	1.#INF	1.#INF	1.#INF	0	0.326923	0.288462	1.#INF	1.#INF	1.#INF	1.#INF	1.#INF	1.#INF	1.#INF	1.#INF	1.#INF	0.7	0.392857	1.#INF	1.#INF	0.316667	1.#INF	1.#INF	1.#INF	1.#INF	1.#INF	1.#INF	1.#INF	1.#INF	0.3	0.392857	1.#INF	1.#INF	1.#INF	1.#INF	1.#INF	1.#INF	1.#INF	1.#INF	1.#INF	1.#INF	1.#INF	0.361111	1.#INF	1.#INF	1.#INF	1.#INF	1.#INF	0.583333	1.#INF	1.#INF	1.#INF	1.#INF	1.#INF	1.#INF	1.#INF	1.#INF	1.#INF	1.#INF	0.5	1.#INF	1.#INF	1.#INF	1.#INF	1.#INF	1.#INF	1.#INF	1.#INF	1.#INF	1.#INF	1.#INF	1.#INF	1.#INF	1.#INF	1.#INF	1.#INF	1.#INF	
1.#INF	0.188034	1.#INF	1.#INF	1.#INF	1.#INF	0.102564	0.218362	0.319005	1.#INF	1.#INF	1.#INF	1.#INF	1.#INF	1.#INF	1.#INF	1.#INF	1.#INF	1.#INF	0.717949	0.324519	0.403846	1.#INF	0.148352	0.132479	1.#INF	0.188034	1.#INF	1.#INF	1.17949	0.619433	1.#INF	1.#INF	1.#INF	1.#INF	1.#INF	1.#INF	1.#INF	0.14359	1.#INF	1.#INF	1.#INF	1.#INF	1.#INF	0.326923	0	1.03846	1.#INF	1.#INF	1.#INF	1.#INF	1.#INF	0.104701	0.820513	0.21978	1.#INF	0.353846	0.21978	1.#INF	1.#INF	0.430769	1.#INF	1.#INF	1.#INF	1.#INF	0.188034	1.#INF	1.#INF	1.#INF	1.01538	1.#INF	0.503497	0.830769	0.276923	1.#INF	1.#INF	1.#INF	0.276923	1.#INF	1.#INF	1.#INF	1.#INF	1.#INF	1.#INF	1.#INF	1.#INF	1.#INF	1.#INF	0.410256	1.#INF	1.#INF	1.#INF	1.#INF	1.#INF	1.#INF	1.#INF	1.#INF	1.#INF	1.#INF	0.326923	1.#INF	1.#INF	1.#INF	1.#INF	1.#INF	1.#INF	1.#INF	1.#INF	1.#INF	1.#INF	1.#INF	1.#INF	1.#INF	1.#INF	1.#INF	1.#INF	1.#INF	
